Gradient Method
A0: [[ 0.30537702 -1.27848477]
 [ 0.09917771 -0.79348235]], 
A1: [[ 7.06560518 -2.34153755]
 [-2.97585763 -0.12894659]], 
A2: [[ 6.71094118 -2.14444838]
 [-2.23760159 -0.19308049]], 
A5: [[ 3.87796114 -2.24574835]
 [-0.31943859  0.39764654]], 
A10: [[-0.93114299 -4.08838155]
 [-1.35043891  5.94315124]] 
metric0: 2.3115881023657874, 
metric1: 7.239103072018353, 
metric2: 6.606346189251264, 
metric5: 3.7136123537144345, 
metric10: 6.833930525004423 
EM Method
A0: [[-0.8365769  -0.38032715]
 [-1.71263444 -0.08200944]], 
A1: [[ 0.00884221 -0.36182286]
 [-1.48758264  0.29698788]], 
A2: [[ 0.20030155 -0.31847894]
 [-1.13537066  0.46364449]], 
A5: [[ 0.70904238 -0.10704564]
 [-0.15101585  0.8939449 ]], 
A10: [[ 0.8244912  -0.06095882]
 [-0.01320193  0.95350935]] 
metric0: 2.7607108844712442, 
metric1: 1.9545939922790587, 
metric2: 1.522396210728345, 
metric5: 0.36078882728949685, 
metric10: 0.19197652645940813 
